File Format = ASCII
(C) NanoEdu Data File System 
File: D:\ntspbprojects\Nanoeduprojects\fineres.txt
NX = 400
Scale X =  1,00
Scale Data =  0,00015
Bias X = 0,0
Bias Data = 0
Unit X = Hz
Unit Data = V
Start of Data : 
 8864,00; 0,13291; 8865,00; 0,13291; 8866,00; 0,13367; 8868,00; 0,13413; 8869,00; 0,13535; 8870,00; 0,13535; 8871,00; 0,13657; 8872,00; 0,13672; 8873,00; 0,13779; 8874,00; 0,13825; 8875,00; 0,13901; 8876,00; 0,14023; 8877,00; 0,14099; 8878,00; 0,14145; 8879,00; 0,14237; 8880,00; 0,14313; 8881,00; 0,14405; 8882,00; 0,14435; 8883,00; 0,14542; 8884,00; 0,14618; 8885,00; 0,14710; 8886,00; 0,14771; 8887,00; 0,14847; 8888,00; 0,14939; 8889,00; 0,15030; 8890,00; 0,15106; 8891,00; 0,15213; 8892,00; 0,15290; 8893,00; 0,15427; 8894,00; 0,15488; 8895,00; 0,15549; 8896,00; 0,15640; 8897,00; 0,15732; 8898,00; 0,15808; 8899,00; 0,15915; 8900,00; 0,16007; 8901,00; 0,16144; 8902,00; 0,16236; 8903,00; 0,16342; 8904,00; 0,16388; 8905,00; 0,16571; 8906,00; 0,16617; 8907,00; 0,16739; 8908,00; 0,16831; 8909,00; 0,16938; 8910,00; 0,17060; 8911,00; 0,17151; 8912,00; 0,17288; 8913,00; 0,17350; 8914,00; 0,17472; 8915,00; 0,17578; 8916,00; 0,17762; 8917,00; 0,17853; 8918,00; 0,17914; 8919,00; 0,18067; 8920,00; 0,18235; 8921,00; 0,18326; 8922,00; 0,18479; 8923,00; 0,18585; 8924,00; 0,18738; 8925,00; 0,18845; 8926,00; 0,18997; 8927,00; 0,19104; 8928,00; 0,19257; 8929,00; 0,19379; 8930,00; 0,19547; 8931,00; 0,19669; 8932,00; 0,19852; 8933,00; 0,19989; 8934,00; 0,20127; 8935,00; 0,20294; 8936,00; 0,20417; 8937,00; 0,20615; 8938,00; 0,20768; 8939,00; 0,20951; 8940,00; 0,21118; 8941,00; 0,21256; 8942,00; 0,21454; 8943,00; 0,21653; 8944,00; 0,21820; 8945,00; 0,21958; 8946,00; 0,22126; 8947,00; 0,22339; 8948,00; 0,22492; 8949,00; 0,22690; 8950,00; 0,22919; 8951,00; 0,23087; 8952,00; 0,23301; 8953,00; 0,23468; 8954,00; 0,23697; 8955,00; 0,23926; 8956,00; 0,24094; 8957,00; 0,24292; 8958,00; 0,24537; 8959,00; 0,24704; 8960,00; 0,24949; 8961,00; 0,25208; 8962,00; 0,25376; 8963,00; 0,25666; 8964,00; 0,25849; 8965,00; 0,26108; 8966,00; 0,26322; 8967,00; 0,26581; 8968,00; 0,26825; 8969,00; 0,27070; 8970,00; 0,27344; 8971,00; 0,27558; 8972,00; 0,27848; 8973,00; 0,28122; 8974,00; 0,28351; 8975,00; 0,28611; 8976,00; 0,28885; 8977,00; 0,29160; 8978,00; 0,29511; 8979,00; 0,29755; 8980,00; 0,30060; 8981,00; 0,30335; 8982,00; 0,30625; 8983,00; 0,30884; 8984,00; 0,31174; 8985,00; 0,31540; 8986,00; 0,31846; 8987,00; 0,32181; 8988,00; 0,32502; 8989,00; 0,32776; 8990,00; 0,33112; 8991,00; 0,33448; 8992,00; 0,33783; 8993,00; 0,34089; 8994,00; 0,34485; 8995,00; 0,34806; 8996,00; 0,35142; 8997,00; 0,35462; 8998,00; 0,35828; 8999,00; 0,36194; 9000,00; 0,36576; 9001,00; 0,36912; 9002,00; 0,37263; 9003,00; 0,37659; 9004,00; 0,37980; 9005,00; 0,38376; 9006,00; 0,38697; 9007,00; 0,39124; 9008,00; 0,39460; 9009,00; 0,39811; 9010,00; 0,40208; 9011,00; 0,40543; 9012,00; 0,40986; 9013,00; 0,41321; 9014,00; 0,41672; 9015,00; 0,41993; 9016,00; 0,42374; 9017,00; 0,42741; 9018,00; 0,43122; 9019,00; 0,43442; 9020,00; 0,43793; 9021,00; 0,44114; 9022,00; 0,44465; 9023,00; 0,44800; 9024,00; 0,45121; 9025,00; 0,45411; 9026,00; 0,45716; 9027,00; 0,45991; 9028,00; 0,46265; 9029,00; 0,46555; 9030,00; 0,46845; 9031,00; 0,47105; 9032,00; 0,47333; 9033,00; 0,47517; 9034,00; 0,47761; 9035,00; 0,47959; 9036,00; 0,48127; 9037,00; 0,48341; 9038,00; 0,48463; 9039,00; 0,48631; 9040,00; 0,48722; 9041,00; 0,48844; 9042,00; 0,48920; 9043,00; 0,48966; 9044,00; 0,49042; 9045,00; 0,49104; 9046,00; 0,49104; 9047,00; 0,49058; 9048,00; 0,49073; 9049,00; 0,49012; 9050,00; 0,48905; 9051,00; 0,48829; 9052,00; 0,48783; 9053,00; 0,48661; 9054,00; 0,48508; 9055,00; 0,48341; 9056,00; 0,48234; 9057,00; 0,48005; 9058,00; 0,47852; 9059,00; 0,47608; 9060,00; 0,47425; 9061,00; 0,47135; 9062,00; 0,46845; 9063,00; 0,46632; 9064,00; 0,46372; 9065,00; 0,46098; 9066,00; 0,45792; 9067,00; 0,45441; 9068,00; 0,45212; 9069,00; 0,44846; 9070,00; 0,44526; 9071,00; 0,44236; 9072,00; 0,43931; 9073,00; 0,43534; 9074,00; 0,43168; 9075,00; 0,42817; 9076,00; 0,42451; 9077,00; 0,42084; 9078,00; 0,41749; 9079,00; 0,41382; 9080,00; 0,41016; 9081,00; 0,40650; 9082,00; 0,40269; 9083,00; 0,39887; 9084,00; 0,39521; 9085,00; 0,39139; 9086,00; 0,38804; 9087,00; 0,38422; 9088,00; 0,38071; 9089,00; 0,37690; 9090,00; 0,37369; 9091,00; 0,37018; 9092,00; 0,36698; 9093,00; 0,36286; 9094,00; 0,35966; 9095,00; 0,35676; 9096,00; 0,35309; 9097,00; 0,34974; 9098,00; 0,34653; 9099,00; 0,34302; 9100,00; 0,34028; 9101,00; 0,33646; 9102,00; 0,33371; 9103,00; 0,33051; 9104,00; 0,32700; 9105,00; 0,32456; 9106,00; 0,32166; 9107,00; 0,31830; 9108,00; 0,31510; 9109,00; 0,31235; 9110,00; 0,30961; 9111,00; 0,30671; 9112,00; 0,30426; 9113,00; 0,30121; 9114,00; 0,29862; 9115,00; 0,29557; 9116,00; 0,29297; 9117,00; 0,29053; 9118,00; 0,28779; 9119,00; 0,28534; 9120,00; 0,28305; 9121,00; 0,28046; 9122,00; 0,27787; 9123,00; 0,27573; 9124,00; 0,27329; 9125,00; 0,27070; 9126,00; 0,26856; 9127,00; 0,26658; 9128,00; 0,26413; 9129,00; 0,26200; 9130,00; 0,25971; 9131,00; 0,25818; 9132,00; 0,25574; 9133,00; 0,25345; 9134,00; 0,25132; 9135,00; 0,24964; 9136,00; 0,24720; 9137,00; 0,24567; 9138,00; 0,24430; 9139,00; 0,24140; 9140,00; 0,24018; 9141,00; 0,23758; 9142,00; 0,23651; 9143,00; 0,23423; 9144,00; 0,23285; 9145,00; 0,23102; 9146,00; 0,22919; 9147,00; 0,22797; 9148,00; 0,22553; 9149,00; 0,22446; 9150,00; 0,22187; 9151,00; 0,22126; 9152,00; 0,21927; 9153,00; 0,21744; 9154,00; 0,21668; 9155,00; 0,21439; 9156,00; 0,21241; 9157,00; 0,21149; 9158,00; 0,21012; 9159,00; 0,20813; 9160,00; 0,20661; 9161,00; 0,20554; 9162,00; 0,20447; 9163,00; 0,20294; 9164,00; 0,20188; 9165,00; 0,20066; 9166,00; 0,19913; 9167,00; 0,19791; 9168,00; 0,19684; 9169,00; 0,19547; 9170,00; 0,19394; 9171,00; 0,19211; 9172,00; 0,19104; 9173,00; 0,19028; 9174,00; 0,18891; 9175,00; 0,18845; 9176,00; 0,18616; 9177,00; 0,18570; 9178,00; 0,18448; 9179,00; 0,18280; 9180,00; 0,18250; 9181,00; 0,18082; 9182,00; 0,18067; 9183,00; 0,17868; 9184,00; 0,17823; 9185,00; 0,17670; 9186,00; 0,17578; 9187,00; 0,17426; 9188,00; 0,17456; 9189,00; 0,17258; 9190,00; 0,17182; 9191,00; 0,17136; 9192,00; 0,17029; 9193,00; 0,16907; 9194,00; 0,16800; 9195,00; 0,16754; 9196,00; 0,16663; 9197,00; 0,16571; 9198,00; 0,16449; 9199,00; 0,16373; 9200,00; 0,16312; 9201,00; 0,16236; 9202,00; 0,16159; 9203,00; 0,16037; 9204,00; 0,15976; 9205,00; 0,15869; 9206,00; 0,15808; 9207,00; 0,15747; 9208,00; 0,15595; 9209,00; 0,15564; 9210,00; 0,15534; 9211,00; 0,15427; 9212,00; 0,15351; 9213,00; 0,15244; 9214,00; 0,15198; 9215,00; 0,15106; 9216,00; 0,15045; 9217,00; 0,14939; 9218,00; 0,14893; 9219,00; 0,14832; 9220,00; 0,14786; 9221,00; 0,14694; 9222,00; 0,14633; 9223,00; 0,14557; 9224,00; 0,14466; 9225,00; 0,14420; 9226,00; 0,14328; 9227,00; 0,14252; 9228,00; 0,14221; 9229,00; 0,14176; 9230,00; 0,14069; 9231,00; 0,13993; 9232,00; 0,13931; 9233,00; 0,13901; 9234,00; 0,13840; 9235,00; 0,13779; 9236,00; 0,13733; 9237,00; 0,13657; 9238,00; 0,13581; 9239,00; 0,13519; 9240,00; 0,13474; 9241,00; 0,13397; 9242,00; 0,13352; 9243,00; 0,13306; 9244,00; 0,13230; 9245,00; 0,13199; 9246,00; 0,13169; 9247,00; 0,13092; 9248,00; 0,13046; 9249,00; 0,12985; 9250,00; 0,12924; 9251,00; 0,12833; 9252,00; 0,12818; 9253,00; 0,12741; 9254,00; 0,12726; 9255,00; 0,12619; 9256,00; 0,12589; 9257,00; 0,12528; 9258,00; 0,12497; 9259,00; 0,12451; 9260,00; 0,12421; 9261,00; 0,12375; 9262,00; 0,12299; 9263,00; 0,12238; 9264,00; 0,12222;