File Format = ASCII
(C) NanoEdu Data File System 
File: E:\spm\300106\Work\res1Fine.txt
NX = 256
Scale X =  1,00
Scale Data =  1,00
Bias X = 0,0
Bias Data = 0
Unit X = Freq
Unit Data = Hz
Start of Data : 
2448 2496 2384 2400 2448 2400 2544 2464 2432 2448 2496 2464 2432 2432 2464 2512 2480 2528 2576 2576 2672 2560 2608 2592 2512 2656 2656 2688 2720 2704 2864 2736 2832 2848 2864 2896 2832 2912 3040 2960 3024 3056 2992 3072 3216 3184 3296 3328 3280 3296 3216 3376 3472 3408 3488 3584 3616 3664 3632 3776 3664 3760 3808 3840 4048 4080 4032 4128 4128 4240 4208 4304 4352 4464 4368 4576 4592 4576 4704 4704 4800 4864 4896 4944 5104 5120 5264 5280 5408 5440 5456 5584 5728 5696 5872 5936 6000 6160 6144 6160 6272 6336 6368 6544 6576 6624 6704 6864 6992 7120 7072 7168 7296 7408 7328 7520 7552 7648 7664 7744 7792 7920 7888 8000 8032 8016 8064 8016 7984 7984 8064 7936 8016 8032 8000 7840 7872 7776 7696 7520 7696 7520 7456 7456 7360 7360 7152 7072 7104 6960 7040 6944 6848 6672 6656 6608 6464 6432 6384 6256 6256 6032 6080 5904 5952 4432 4320 5584 4352 4672 4384 4400 4384 4272 4448 4240 4272 4400 4432 4320 4288 4464 4240 4160 4336 4208 4208 4256 4272 4288 4224 4160 4128 4224 4208 4160 3920 4080 3984 4032 3920 3952 3904 3904 3840 3776 3680 3664 3568 3600 3584 3632 3456 3536 3504 3360 3424 3408 3392 3280 3232 3296 3248 3264 3104 3168 3104 3104 3024 3008 3008 2960 2976 2912 2912 2816 2752 2816 2800 2784 2848 2816 2704 2832 2720 2608 2608 2592 2624 2624 2624 2592 2688 2704 2528 2512 