File Format = ASCII
(C) NanoEdu Data File System 
File: E:\spm\020206\Work\NEResR.txt
NX = 256
Scale X =  1,00
Scale Data =  1,00
Bias X = 0,0
Bias Data = 0
Unit X = Hz
Unit Data = V
Start of Data : 
160 224 192 192 208 224 304 352 224 256 224 224 256 208 272 256 272 224 256 240 320 272 320 336 400 336 384 384 384 448 224 288 384 368 288 288 368 384 368 384 432 464 448 480 528 432 512 496 528 544 544 592 560 592 672 656 688 720 672 768 752 768 816 896 848 944 992 992 1088 1104 1200 1200 1344 1520 1568 1744 1920 2208 2576 3072 3920 5264 6672 8304 8432 4912 2400 1712 1456 1056 1040 896 768 592 432 256 240 240 144 176 224 272 208 256 272 304 384 368 480 448 448 512 528 512 640 624 608 752 736 720 768 800 848 864 896 1040 960 1024 1104 1072 1216 1264 1376 1440 1456 1264 1104 800 832 944 976 1088 1104 1168 1280 1312 1296 1312 1296 1456 1600 1616 1600 1632 1616 1680 1744 1744 1920 1920 1888 2016 1984 1920 2000 2144 1936 2064 2144 2112 2048 2176 2096 1984 2096 2160 2064 2128 2128 2192 2096 2128 2112 2016 2064 2096 2112 2112 2112 1952 1936 1952 1904 1888 1904 1792 1888 1872 1744 1696 1712 1616 1744 1648 1584 1632 1520 1536 1520 1456 1488 1456 1488 1408 1376 1408 1360 1408 1392 1344 1328 1264 1392 1216 1232 1168 1168 1168 1104 1120 1120 1088 1056 1056 1040 1040 1088 1008 992 1024 976 1008 992 992 912 1008 1072 1040 944 896 864 928 880 880 880 816 