File Format = ASCII
(C) NanoEdu Data File System 
File: D:\ntspbprojects\nanoeducatorLE\delphi2007\Current\exe\DemoData\sfm\samples\tst.txt
NX = 400
Scale X =  1,00
Scale Data =  0,00015
Bias X = 0,0
Bias Data = 0
Unit X = Hz
Unit Data = V
Start of Data : 
 6000,00; 0,00122;
 6015,00; 0,00107;
 6030,00; 0,00137;
 6045,00; 0,00122;
 6060,00; 0,00137;
 6075,00; 0,00153;
 6090,00; 0,00122;
 6105,00; 0,00137;
 6120,00; 0,00107;
 6135,00; 0,00137;
 6150,00; 0,00153;
 6165,00; 0,00122;
 6180,00; 0,00137;
 6195,00; 0,00137;
 6210,00; 0,00137;
 6225,00; 0,00137;
 6240,00; 0,00122;
 6255,00; 0,00122;
 6270,00; 0,00122;
 6285,00; 0,00107;
 6300,00; 0,00122;
 6315,00; 0,00122;
 6330,00; 0,00122;
 6345,00; 0,00107;
 6360,00; 0,00137;
 6375,00; 0,00122;
 6390,00; 0,00137;
 6405,00; 0,00137;
 6420,00; 0,00137;
 6435,00; 0,00137;
 6450,00; 0,00137;
 6465,00; 0,00122;
 6480,00; 0,00122;
 6495,00; 0,00137;
 6510,00; 0,00137;
 6525,00; 0,00137;
 6540,00; 0,00137;
 6555,00; 0,00137;
 6570,00; 0,00107;
 6585,00; 0,00107;
 6600,00; 0,00122;
 6615,00; 0,00107;
 6630,00; 0,00122;
 6645,00; 0,00122;
 6660,00; 0,00122;
 6675,00; 0,00107;
 6690,00; 0,00122;
 6705,00; 0,00122;
 6720,00; 0,00122;
 6735,00; 0,00122;
 6750,00; 0,00107;
 6765,00; 0,00122;
 6780,00; 0,00107;
 6795,00; 0,00122;
 6810,00; 0,00122;
 6825,00; 0,00122;
 6840,00; 0,00122;
 6855,00; 0,00122;
 6870,00; 0,00137;
 6885,00; 0,00122;
 6900,00; 0,00122;
 6915,00; 0,00122;
 6930,00; 0,00122;
 6945,00; 0,00092;
 6960,00; 0,00107;
 6975,00; 0,00107;
 6990,00; 0,00107;
 7005,00; 0,00092;
 7020,00; 0,00107;
 7035,00; 0,00107;
 7050,00; 0,00122;
 7065,00; 0,00107;
 7080,00; 0,00092;
 7095,00; 0,00107;
 7110,00; 0,00107;
 7125,00; 0,00107;
 7140,00; 0,00137;
 7155,00; 0,00107;
 7170,00; 0,00122;
 7185,00; 0,00107;
 7200,00; 0,00107;
 7215,00; 0,00107;
 7230,00; 0,00122;
 7245,00; 0,00107;
 7260,00; 0,00122;
 7275,00; 0,00122;
 7290,00; 0,00122;
 7305,00; 0,00122;
 7320,00; 0,00122;
 7335,00; 0,00107;
 7350,00; 0,00107;
 7365,00; 0,00107;
 7380,00; 0,00092;
 7395,00; 0,00092;
 7410,00; 0,00107;
 7425,00; 0,00107;
 7440,00; 0,00107;
 7455,00; 0,00107;
 7470,00; 0,00107;
 7485,00; 0,00107;
 7500,00; 0,00107;
 7515,00; 0,00107;
 7530,00; 0,00107;
 7545,00; 0,00107;
 7560,00; 0,00107;
 7575,00; 0,00092;
 7590,00; 0,00092;
 7605,00; 0,00107;
 7620,00; 0,00107;
 7635,00; 0,00107;
 7650,00; 0,00107;
 7665,00; 0,00122;
 7680,00; 0,00107;
 7695,00; 0,00107;
 7710,00; 0,00107;
 7725,00; 0,00122;
 7740,00; 0,00122;
 7755,00; 0,00107;
 7770,00; 0,00107;
 7785,00; 0,00076;
 7800,00; 0,00076;
 7815,00; 0,00046;
 7830,00; 0,00031;
 7845,00; 0,00092;
 7860,00; 0,00153;
 7875,00; 0,00198;
 7890,00; 0,00244;
 7905,00; 0,00244;
 7920,00; 0,00244;
 7935,00; 0,00244;
 7950,00; 0,00244;
 7965,00; 0,00244;
 7980,00; 0,00244;
 7995,00; 0,00244;
 8010,00; 0,00229;
 8025,00; 0,00214;
 8040,00; 0,00153;
 8055,00; 0,00153;
 8070,00; 0,00137;
 8085,00; 0,00214;
 8100,00; 0,00229;
 8115,00; 0,00229;
 8130,00; 0,00229;
 8145,00; 0,00229;
 8160,00; 0,00229;
 8175,00; 0,00229;
 8190,00; 0,00229;
 8205,00; 0,00229;
 8220,00; 0,00229;
 8235,00; 0,00229;
 8250,00; 0,00229;
 8265,00; 0,00229;
 8280,00; 0,00214;
 8295,00; 0,00183;
 8310,00; 0,00153;
 8325,00; 0,00122;
 8340,00; 0,00137;
 8355,00; 0,00168;
 8370,00; 0,00229;
 8385,00; 0,00229;
 8400,00; 0,00229;
 8415,00; 0,00229;
 8430,00; 0,00229;
 8445,00; 0,00229;
 8460,00; 0,00229;
 8475,00; 0,00229;
 8490,00; 0,00229;
 8505,00; 0,00229;
 8520,00; 0,00229;
 8535,00; 0,00229;
 8550,00; 0,00214;
 8565,00; 0,00198;
 8580,00; 0,00198;
 8595,00; 0,00168;
 8610,00; 0,00137;
 8625,00; 0,00183;
 8640,00; 0,00198;
 8655,00; 0,00214;
 8670,00; 0,00214;
 8685,00; 0,00214;
 8700,00; 0,00214;
 8715,00; 0,00214;
 8730,00; 0,00214;
 8745,00; 0,00214;
 8760,00; 0,00214;
 8775,00; 0,00214;
 8790,00; 0,00214;
 8805,00; 0,00214;
 8820,00; 0,00214;
 8835,00; 0,00214;
 8850,00; 0,00214;
 8865,00; 0,00214;
 8880,00; 0,00198;
 8895,00; 0,00153;
 8910,00; 0,00137;
 8925,00; 0,00092;
 8940,00; 0,00076;
 8955,00; 0,00168;
 8970,00; 0,00214;
 8985,00; 0,00214;
 9000,00; 0,00214;
 9015,00; 0,00214;
 9030,00; 0,00214;
 9045,00; 0,00214;
 9060,00; 0,00214;
 9075,00; 0,00214;
 9090,00; 0,00214;
 9105,00; 0,00214;
 9120,00; 0,00214;
 9135,00; 0,00214;
 9150,00; 0,00214;
 9165,00; 0,00214;
 9180,00; 0,00198;
 9195,00; 0,00198;
 9210,00; 0,00168;
 9225,00; 0,00137;
 9240,00; 0,00122;
 9255,00; 0,00168;
 9270,00; 0,00153;
 9285,00; 0,00198;
 9300,00; 0,00198;
 9315,00; 0,00198;
 9330,00; 0,00198;
 9345,00; 0,00198;
 9360,00; 0,00198;
 9375,00; 0,00198;
 9390,00; 0,00198;
 9405,00; 0,00198;
 9420,00; 0,00198;
 9435,00; 0,00198;
 9450,00; 0,00198;
 9465,00; 0,00198;
 9480,00; 0,00198;
 9495,00; 0,00198;
 9510,00; 0,00198;
 9525,00; 0,00198;
 9540,00; 0,00198;
 9555,00; 0,00183;
 9570,00; 0,00137;
 9585,00; 0,00153;
 9600,00; 0,00122;
 9615,00; 0,00061;
 9630,00; 0,00092;
 9645,00; 0,00183;
 9660,00; 0,00168;
 9675,00; 0,00198;
 9690,00; 0,00198;
 9705,00; 0,00198;
 9720,00; 0,00198;
 9735,00; 0,00183;
 9750,00; 0,00198;
 9765,00; 0,00198;
 9780,00; 0,00198;
 9795,00; 0,00198;
 9810,00; 0,00198;
 9825,00; 0,00198;
 9840,00; 0,00198;
 9855,00; 0,00198;
 9870,00; 0,00198;
 9885,00; 0,00198;
 9900,00; 0,00198;
 9915,00; 0,00183;
 9930,00; 0,00183;
 9945,00; 0,00168;
 9960,00; 0,00153;
 9975,00; 0,00122;
 9990,00; 0,00107;
10005,00; 0,00168;
10020,00; 0,00168;
10035,00; 0,00183;
10050,00; 0,00183;
10065,00; 0,00183;
10080,00; 0,00183;
10095,00; 0,00183;
10110,00; 0,00183;
10125,00; 0,00183;
10140,00; 0,00183;
10155,00; 0,00183;
10170,00; 0,00183;
10185,00; 0,00183;
10200,00; 0,00183;
10215,00; 0,00183;
10230,00; 0,00183;
10245,00; 0,00183;
10260,00; 0,00183;
10275,00; 0,00183;
10290,00; 0,00183;
10305,00; 0,00183;
10320,00; 0,00183;
10335,00; 0,00183;
10350,00; 0,00168;
10365,00; 0,00168;
10380,00; 0,00107;
10395,00; 0,00107;
10410,00; 0,00061;
10425,00; 0,00046;
10440,00; 0,00107;
10455,00; 0,00153;
10470,00; 0,00168;
10485,00; 0,00168;
10500,00; 0,00183;
10515,00; 0,00183;
10530,00; 0,00168;
10545,00; 0,00168;
10560,00; 0,00183;
10575,00; 0,00168;
10590,00; 0,00183;
10605,00; 0,00168;
10620,00; 0,00168;
10635,00; 0,00183;
10650,00; 0,00168;
10665,00; 0,00183;
10680,00; 0,00183;
10695,00; 0,00183;
10710,00; 0,00183;
10725,00; 0,00183;
10740,00; 0,00183;
10755,00; 0,00168;
10770,00; 0,00168;
10785,00; 0,00168;
10800,00; 0,00137;
10815,00; 0,00122;
10830,00; 0,00122;
10845,00; 0,00107;
10860,00; 0,00092;
10875,00; 0,00122;
10890,00; 0,00153;
10905,00; 0,00153;
10920,00; 0,00153;
10935,00; 0,00168;
10950,00; 0,00153;
10965,00; 0,00168;
10980,00; 0,00168;
10995,00; 0,00168;
11010,00; 0,00168;
11025,00; 0,00168;
11040,00; 0,00168;
11055,00; 0,00168;
11070,00; 0,00168;
11085,00; 0,00168;
11100,00; 0,00168;
11115,00; 0,00168;
11130,00; 0,00168;
11145,00; 0,00153;
11160,00; 0,00168;
11175,00; 0,00168;
11190,00; 0,00168;
11205,00; 0,00168;
11220,00; 0,00168;
11235,00; 0,00168;
11250,00; 0,00168;
11265,00; 0,00168;
11280,00; 0,00153;
11295,00; 0,00137;
11310,00; 0,00122;
11325,00; 0,00153;
11340,00; 0,00107;
11355,00; 0,00092;
11370,00; 0,00122;
11385,00; 0,00107;
11400,00; 0,00122;
11415,00; 0,00107;
11430,00; 0,00107;
11445,00; 0,00137;
11460,00; 0,00137;
11475,00; 0,00122;
11490,00; 0,00137;
11505,00; 0,00107;
11520,00; 0,00168;
11535,00; 0,00137;
11550,00; 0,00153;
11565,00; 0,00137;
11580,00; 0,00137;
11595,00; 0,00153;
11610,00; 0,00122;
11625,00; 0,00137;
11640,00; 0,00137;
11655,00; 0,00137;
11670,00; 0,00137;
11685,00; 0,00137;
11700,00; 0,00137;
11715,00; 0,00153;
11730,00; 0,00168;
11745,00; 0,00137;
11760,00; 0,00153;
11775,00; 0,00153;
11790,00; 0,00153;
11805,00; 0,00137;
11820,00; 0,00137;
11835,00; 0,00153;
11850,00; 0,00122;
11865,00; 0,00107;
11880,00; 0,00107;
11895,00; 0,00092;
11910,00; 0,00122;
11925,00; 0,00122;
11940,00; 0,00122;
11955,00; 0,00107;
11970,00; 0,00137;
11985,00; 0,00107;
