File Format = ASCII
(C) NanoEdu Data File System 
File: D:\ntspbprojects\Nanoeduprojects\roughres.txt
NX = 400
Scale X =  1,00
Scale Data =  0,00015
Bias X = 0,0
Bias Data = 0
Unit X = Hz
Unit Data = V
Start of Data : 
 6000,00; 0,00366; 6015,00; 0,00366; 6030,00; 0,00381; 6045,00; 0,00381; 6060,00; 0,00366; 6075,00; 0,00381; 6090,00; 0,00381; 6105,00; 0,00366; 6120,00; 0,00427; 6135,00; 0,00381; 6150,00; 0,00366; 6165,00; 0,00381; 6180,00; 0,00412; 6195,00; 0,00381; 6210,00; 0,00397; 6225,00; 0,00427; 6240,00; 0,00427; 6255,00; 0,00427; 6270,00; 0,00427; 6285,00; 0,00443; 6300,00; 0,00427; 6315,00; 0,00427; 6330,00; 0,00443; 6345,00; 0,00443; 6360,00; 0,00473; 6375,00; 0,00488; 6390,00; 0,00473; 6405,00; 0,00443; 6420,00; 0,00595; 6435,00; 0,00549; 6450,00; 0,00458; 6465,00; 0,00473; 6480,00; 0,00488; 6495,00; 0,00473; 6510,00; 0,00473; 6525,00; 0,00488; 6540,00; 0,00519; 6555,00; 0,00519; 6570,00; 0,00519; 6585,00; 0,00504; 6600,00; 0,00488; 6615,00; 0,00534; 6630,00; 0,00534; 6645,00; 0,00549; 6660,00; 0,00534; 6675,00; 0,00549; 6690,00; 0,00580; 6705,00; 0,00534; 6720,00; 0,00549; 6735,00; 0,00595; 6750,00; 0,00610; 6765,00; 0,00641; 6780,00; 0,00549; 6795,00; 0,00595; 6810,00; 0,00610; 6825,00; 0,00610; 6840,00; 0,00595; 6855,00; 0,00626; 6870,00; 0,00626; 6885,00; 0,00641; 6900,00; 0,00641; 6915,00; 0,00641; 6930,00; 0,00687; 6945,00; 0,00687; 6960,00; 0,00687; 6975,00; 0,00671; 6990,00; 0,00702; 7005,00; 0,00702; 7020,00; 0,00717; 7035,00; 0,00732; 7050,00; 0,00778; 7065,00; 0,00748; 7080,00; 0,00748; 7095,00; 0,00763; 7110,00; 0,00793; 7125,00; 0,00732; 7140,00; 0,00641; 7155,00; 0,00885; 7170,00; 0,00793; 7185,00; 0,00824; 7200,00; 0,00839; 7215,00; 0,00855; 7230,00; 0,00870; 7245,00; 0,00900; 7260,00; 0,00900; 7275,00; 0,00916; 7290,00; 0,00961; 7305,00; 0,00961; 7320,00; 0,00961; 7335,00; 0,00961; 7350,00; 0,01007; 7365,00; 0,01022; 7380,00; 0,01022; 7395,00; 0,01068; 7410,00; 0,01068; 7425,00; 0,01114; 7440,00; 0,01144; 7455,00; 0,01144; 7470,00; 0,01160; 7485,00; 0,01205; 7500,00; 0,01221; 7515,00; 0,01266; 7530,00; 0,01297; 7545,00; 0,01266; 7560,00; 0,01373; 7575,00; 0,01389; 7590,00; 0,01465; 7605,00; 0,01511; 7620,00; 0,01556; 7635,00; 0,01617; 7650,00; 0,01678; 7665,00; 0,01740; 7680,00; 0,01816; 7695,00; 0,01846; 7710,00; 0,01816; 7725,00; 0,01663; 7740,00; 0,01404; 7755,00; 0,01099; 7770,00; 0,00961; 7785,00; 0,00900; 7800,00; 0,00916; 7815,00; 0,00977; 7830,00; 0,01053; 7845,00; 0,01129; 7860,00; 0,01175; 7875,00; 0,01190; 7890,00; 0,01266; 7905,00; 0,01328; 7920,00; 0,01328; 7935,00; 0,01373; 7950,00; 0,01434; 7965,00; 0,01480; 7980,00; 0,01495; 7995,00; 0,01495; 8010,00; 0,01602; 8025,00; 0,01678; 8040,00; 0,01694; 8055,00; 0,01724; 8070,00; 0,01755; 8085,00; 0,01816; 8100,00; 0,01831; 8115,00; 0,01907; 8130,00; 0,01938; 8145,00; 0,01968; 8160,00; 0,02045; 8175,00; 0,02090; 8190,00; 0,02121; 8205,00; 0,02152; 8220,00; 0,02243; 8235,00; 0,02304; 8250,00; 0,02350; 8265,00; 0,02380; 8280,00; 0,02487; 8295,00; 0,02533; 8310,00; 0,02609; 8325,00; 0,02670; 8340,00; 0,02762; 8355,00; 0,02853; 8370,00; 0,02914; 8385,00; 0,02976; 8400,00; 0,03082; 8415,00; 0,03128; 8430,00; 0,03235; 8445,00; 0,03372; 8460,00; 0,03449; 8475,00; 0,03586; 8490,00; 0,03662; 8505,00; 0,03784; 8520,00; 0,03967; 8535,00; 0,04074; 8550,00; 0,04181; 8565,00; 0,04303; 8580,00; 0,04517; 8595,00; 0,04669; 8610,00; 0,04837; 8625,00; 0,05051; 8640,00; 0,05234; 8655,00; 0,05463; 8670,00; 0,05692; 8685,00; 0,05936; 8700,00; 0,06226; 8715,00; 0,06561; 8730,00; 0,06882; 8745,00; 0,07233; 8760,00; 0,07645; 8775,00; 0,08042; 8790,00; 0,08545; 8805,00; 0,09079; 8820,00; 0,09674; 8835,00; 0,10315; 8850,00; 0,11093; 8865,00; 0,11948; 8880,00; 0,12894; 8895,00; 0,14054; 8910,00; 0,15290; 8925,00; 0,16770; 8940,00; 0,18570; 8955,00; 0,20783; 8970,00; 0,23423; 8985,00; 0,26444; 9000,00; 0,30076; 9015,00; 0,34226; 9030,00; 0,38849; 9045,00; 0,43244; 9060,00; 0,46677; 9075,00; 0,48112; 9090,00; 0,46464; 9105,00; 0,41794; 9120,00; 0,35096; 9135,00; 0,28885; 9150,00; 0,24781; 9165,00; 0,22049; 9180,00; 0,19745; 9195,00; 0,17868; 9210,00; 0,16434; 9225,00; 0,15229; 9240,00; 0,14160; 9255,00; 0,13199; 9270,00; 0,12421; 9285,00; 0,11688; 9300,00; 0,11032; 9315,00; 0,10452; 9330,00; 0,09934; 9345,00; 0,09491; 9360,00; 0,09079; 9375,00; 0,08713; 9390,00; 0,08377; 9405,00; 0,08026; 9420,00; 0,07767; 9435,00; 0,07507; 9450,00; 0,07248; 9465,00; 0,07019; 9480,00; 0,06836; 9495,00; 0,06592; 9510,00; 0,06424; 9525,00; 0,06302; 9540,00; 0,06073; 9555,00; 0,05997; 9570,00; 0,05814; 9585,00; 0,05707; 9600,00; 0,05524; 9615,00; 0,05417; 9630,00; 0,05295; 9645,00; 0,05249; 9660,00; 0,05081; 9675,00; 0,05005; 9690,00; 0,04898; 9705,00; 0,04837; 9720,00; 0,04776; 9735,00; 0,04654; 9750,00; 0,04578; 9765,00; 0,04532; 9780,00; 0,04425; 9795,00; 0,04379; 9810,00; 0,04334; 9825,00; 0,04273; 9840,00; 0,04211; 9855,00; 0,04166; 9870,00; 0,04105; 9885,00; 0,04028; 9900,00; 0,03967; 9915,00; 0,03952; 9930,00; 0,03891; 9945,00; 0,03845; 9960,00; 0,03799; 9975,00; 0,03738; 9990,00; 0,03723;10005,00; 0,03677;10020,00; 0,03601;10035,00; 0,03555;10050,00; 0,03525;10065,00; 0,03510;10080,00; 0,03449;10095,00; 0,03403;10110,00; 0,03388;10125,00; 0,03357;10140,00; 0,03372;10155,00; 0,03311;10170,00; 0,03296;10185,00; 0,03250;10200,00; 0,03235;10215,00; 0,03220;10230,00; 0,03159;10245,00; 0,03143;10260,00; 0,03128;10275,00; 0,03128;10290,00; 0,03128;10305,00; 0,03067;10320,00; 0,03037;10335,00; 0,03021;10350,00; 0,02991;10365,00; 0,02976;10380,00; 0,02960;10395,00; 0,02930;10410,00; 0,02914;10425,00; 0,02853;10440,00; 0,02838;10455,00; 0,02808;10470,00; 0,02823;10485,00; 0,02838;10500,00; 0,02747;10515,00; 0,02777;10530,00; 0,02762;10545,00; 0,02777;10560,00; 0,02762;10575,00; 0,02716;10590,00; 0,02747;10605,00; 0,02731;10620,00; 0,02670;10635,00; 0,02701;10650,00; 0,02670;10665,00; 0,02670;10680,00; 0,02625;10695,00; 0,02731;10710,00; 0,02655;10725,00; 0,02579;10740,00; 0,02579;10755,00; 0,02579;10770,00; 0,02594;10785,00; 0,02564;10800,00; 0,02564;10815,00; 0,02518;10830,00; 0,02533;10845,00; 0,02487;10860,00; 0,02502;10875,00; 0,02457;10890,00; 0,02457;10905,00; 0,02426;10920,00; 0,02472;10935,00; 0,02411;10950,00; 0,02426;10965,00; 0,02411;10980,00; 0,02411;10995,00; 0,02411;11010,00; 0,02396;11025,00; 0,02396;11040,00; 0,02380;11055,00; 0,02365;11070,00; 0,02396;11085,00; 0,02396;11100,00; 0,02350;11115,00; 0,02380;11130,00; 0,02350;11145,00; 0,02350;11160,00; 0,02335;11175,00; 0,02335;11190,00; 0,02350;11205,00; 0,02304;11220,00; 0,02335;11235,00; 0,02319;11250,00; 0,02304;11265,00; 0,02304;11280,00; 0,02274;11295,00; 0,02274;11310,00; 0,02258;11325,00; 0,02243;11340,00; 0,02258;11355,00; 0,02228;11370,00; 0,02228;11385,00; 0,02213;11400,00; 0,02228;11415,00; 0,02197;11430,00; 0,02197;11445,00; 0,02213;11460,00; 0,02213;11475,00; 0,02213;11490,00; 0,02228;11505,00; 0,02182;11520,00; 0,02213;11535,00; 0,02197;11550,00; 0,02197;11565,00; 0,02182;11580,00; 0,02182;11595,00; 0,02152;11610,00; 0,02152;11625,00; 0,02182;11640,00; 0,02152;11655,00; 0,02136;11670,00; 0,02167;11685,00; 0,02121;11700,00; 0,02182;11715,00; 0,02182;11730,00; 0,02136;11745,00; 0,02152;11760,00; 0,02136;11775,00; 0,02136;11790,00; 0,02182;11805,00; 0,02121;11820,00; 0,02121;11835,00; 0,02121;11850,00; 0,02106;11865,00; 0,02121;11880,00; 0,02090;11895,00; 0,02060;11910,00; 0,02060;11925,00; 0,02075;11940,00; 0,02060;11955,00; 0,02075;11970,00; 0,02060;11985,00; 0,02075;